
%%%%%%%%%%%%%%%%%%%%%%%%%%%%%%%%%%%%%%%%%%%%%%%%%%%%%%%%%%%%%%%%%%%%%%%%%%%%%
%
% Author: Lucien Bobo
%
% When publishing results based on this data, please cite:
%
% L. Bobo, A. Venzke, S. Chatzivasileiadis, "Second-Order Cone Relaxations
% of the Optimal Power Flow for Active Distribution Grids", 2020. Available
% online: https://arxiv.org/abs/2001.00898
%
% W. H. Kersting, “Radial distribution test feeders,” in Conference
% Proceedings of the 2001 IEEE Power Engineering Society Winter Meeting,
% 2001. vol. 2, pp. 908–912
%
%%%%%%%%%%%%%%%%%%%%%%%%%%%%%%%%%%%%%%%%%%%%%%%%%%%%%%%%%%%%%%%%%%%%%%%%%%%%%


function mpc = grid_IEEE123

% Feeder based on IEEE123 with the following simplifications:
% - Regulator considered separately in mpc table regs with fixed voltage gains
% - Root node regulator ignored two regulators shifted to downstream end of the line for simplicity
% - Breakers replaced by short-circuits or open circuits (intermediate buses removed)
% - Transformer ignored as lower-voltage side bus is with no load
% - Substation transformer omitted (LV-side perspective)
% - Spot load are distributed equally on three phases
% - (1;1) element is used for 3-phase lines; non-zero element is used for 1-phase lines
% - Capacitors considered separately in mpc table caps
% - Two buses relabelled


%% MATPOWER Case Format : Version 2
mpc.version = '2';

%%-----  Power Flow Data  -----%%
%% system MVA base
mpc.baseMVA = 1;

%% bus data
%	bus typ Pd      Qd      Gs      Bs      ar  Vm	Va	baseKV	zon Vmx Vmn
mpc.bus = [
1	1	0.0400	0.0200	0	0	1	1	0	4.16	1	1.2	0.8	;
2	1	0.0200	0.0100	0	0	1	1	0	4.16	1	1.2	0.8	;
3	1	0.0000	0.0000	0	0	1	1	0	4.16	1	1.2	0.8	;
4	1	0.0400	0.0200	0	0	1	1	0	4.16	1	1.2	0.8	;
5	1	0.0200	0.0100	0	0	1	1	0	4.16	1	1.2	0.8	;
6	1	0.0400	0.0200	0	0	1	1	0	4.16	1	1.2	0.8	;
7	1	0.0200	0.0100	0	0	1	1	0	4.16	1	1.2	0.8	;
8	1	0.0000	0.0000	0	0	1	1	0	4.16	1	1.2	0.8	;
9	1	0.0400	0.0200	0	0	1	1	0	4.16	1	1.2	0.8	;
10	1	0.0200	0.0100	0	0	1	1	0	4.16	1	1.2	0.8	;
11	1	0.0400	0.0200	0	0	1	1	0	4.16	1	1.2	0.8	;
12	1	0.0200	0.0100	0	0	1	1	0	4.16	1	1.2	0.8	;
13	1	0.0000	0.0000	0	0	1	1	0	4.16	1	1.2	0.8	;
14	1	0.0000	0.0000	0	0	1	1	0	4.16	1	1.2	0.8	;
15	1	0.0000	0.0000	0	0	1	1	0	4.16	1	1.2	0.8	;
16	1	0.0400	0.0200	0	0	1	1	0	4.16	1	1.2	0.8	;
17	1	0.0200	0.0100	0	0	1	1	0	4.16	1	1.2	0.8	;
18	1	0.0000	0.0000	0	0	1	1	0	4.16	1	1.2	0.8	;
19	1	0.0400	0.0200	0	0	1	1	0	4.16	1	1.2	0.8	;
20	1	0.0400	0.0200	0	0	1	1	0	4.16	1	1.2	0.8	;
21	1	0.0000	0.0000	0	0	1	1	0	4.16	1	1.2	0.8	;
22	1	0.0400	0.0200	0	0	1	1	0	4.16	1	1.2	0.8	;
23	1	0.0000	0.0000	0	0	1	1	0	4.16	1	1.2	0.8	;
24	1	0.0400	0.0200	0	0	1	1	0	4.16	1	1.2	0.8	;
25	1	0.0000	0.0000	0	0	1	1	0	4.16	1	1.2	0.8	;
26	1	0.0000	0.0000	0	0	1	1	0	4.16	1	1.2	0.8	;
27	1	0.0000	0.0000	0	0	1	1	0	4.16	1	1.2	0.8	;
28	1	0.0400	0.0200	0	0	1	1	0	4.16	1	1.2	0.8	;
29	1	0.0400	0.0200	0	0	1	1	0	4.16	1	1.2	0.8	;
30	1	0.0400	0.0200	0	0	1	1	0	4.16	1	1.2	0.8	;
31	1	0.0200	0.0100	0	0	1	1	0	4.16	1	1.2	0.8	;
32	1	0.0200	0.0100	0	0	1	1	0	4.16	1	1.2	0.8	;
33	1	0.0400	0.0200	0	0	1	1	0	4.16	1	1.2	0.8	;
34	1	0.0400	0.0200	0	0	1	1	0	4.16	1	1.2	0.8	;
35	1	0.0400	0.0200	0	0	1	1	0	4.16	1	1.2	0.8	;
36	1	0.0000	0.0000	0	0	1	1	0	4.16	1	1.2	0.8	;
37	1	0.0400	0.0200	0	0	1	1	0	4.16	1	1.2	0.8	;
38	1	0.0200	0.0100	0	0	1	1	0	4.16	1	1.2	0.8	;
39	1	0.0200	0.0100	0	0	1	1	0	4.16	1	1.2	0.8	;
40	1	0.0000	0.0000	0	0	1	1	0	4.16	1	1.2	0.8	;
41	1	0.0200	0.0100	0	0	1	1	0	4.16	1	1.2	0.8	;
42	1	0.0200	0.0100	0	0	1	1	0	4.16	1	1.2	0.8	;
43	1	0.0400	0.0200	0	0	1	1	0	4.16	1	1.2	0.8	;
44	1	0.0000	0.0000	0	0	1	1	0	4.16	1	1.2	0.8	;
45	1	0.0200	0.0100	0	0	1	1	0	4.16	1	1.2	0.8	;
46	1	0.0200	0.0100	0	0	1	1	0	4.16	1	1.2	0.8	;
47	1	0.1050	0.0750	0	0	1	1	0	4.16	1	1.2	0.8	;
48	1	0.2100	0.1500	0	0	1	1	0	4.16	1	1.2	0.8	;
49	1	0.1400	0.0950	0	0	1	1	0	4.16	1	1.2	0.8	;
50	1	0.0400	0.0200	0	0	1	1	0	4.16	1	1.2	0.8	;
51	1	0.0200	0.0100	0	0	1	1	0	4.16	1	1.2	0.8	;
52	1	0.0400	0.0200	0	0	1	1	0	4.16	1	1.2	0.8	;
53	1	0.0400	0.0200	0	0	1	1	0	4.16	1	1.2	0.8	;
54	1	0.0000	0.0000	0	0	1	1	0	4.16	1	1.2	0.8	;
55	1	0.0200	0.0100	0	0	1	1	0	4.16	1	1.2	0.8	;
56	1	0.0200	0.0100	0	0	1	1	0	4.16	1	1.2	0.8	;
57	1	0.0000	0.0000	0	0	1	1	0	4.16	1	1.2	0.8	;
58	1	0.0200	0.0100	0	0	1	1	0	4.16	1	1.2	0.8	;
59	1	0.0200	0.0100	0	0	1	1	0	4.16	1	1.2	0.8	;
60	1	0.0200	0.0100	0	0	1	1	0	4.16	1	1.2	0.8	;
61	1	0.0200	0.0100	0	0	1	1	0	4.16	1	1.2	0.8	;
62	1	0.0400	0.0200	0	0	1	1	0	4.16	1	1.2	0.8	;
63	1	0.0400	0.0200	0	0	1	1	0	4.16	1	1.2	0.8	;
64	1	0.0750	0.0350	0	0	1	1	0	4.16	1	1.2	0.8	;
65	1	0.1400	0.1000	0	0	1	1	0	4.16	1	1.2	0.8	;
66	1	0.0750	0.0350	0	0	1	1	0	4.16	1	1.2	0.8	;
67	1	0.0000	0.0000	0	0	1	1	0	4.16	1	1.2	0.8	;
68	1	0.0200	0.0100	0	0	1	1	0	4.16	1	1.2	0.8	;
69	1	0.0400	0.0200	0	0	1	1	0	4.16	1	1.2	0.8	;
70	1	0.0200	0.0100	0	0	1	1	0	4.16	1	1.2	0.8	;
71	1	0.0400	0.0200	0	0	1	1	0	4.16	1	1.2	0.8	;
72	1	0.0000	0.0000	0	0	1	1	0	4.16	1	1.2	0.8	;
73	1	0.0400	0.0200	0	0	1	1	0	4.16	1	1.2	0.8	;
74	1	0.0400	0.0200	0	0	1	1	0	4.16	1	1.2	0.8	;
75	1	0.0400	0.0200	0	0	1	1	0	4.16	1	1.2	0.8	;
76	1	0.2450	0.1800	0	0	1	1	0	4.16	1	1.2	0.8	;
77	1	0.0400	0.0200	0	0	1	1	0	4.16	1	1.2	0.8	;
78	1	0.0000	0.0000	0	0	1	1	0	4.16	1	1.2	0.8	;
79	1	0.0400	0.0200	0	0	1	1	0	4.16	1	1.2	0.8	;
80	1	0.0400	0.0200	0	0	1	1	0	4.16	1	1.2	0.8	;
81	1	0.0000	0.0000	0	0	1	1	0	4.16	1	1.2	0.8	;
82	1	0.0400	0.0200	0	0	1	1	0	4.16	1	1.2	0.8	;
83	1	0.0200	0.0100	0	0	1	1	0	4.16	1	1.2	0.8	;
84	1	0.0200	0.0100	0	0	1	1	0	4.16	1	1.2	0.8	;
85	1	0.0400	0.0200	0	0	1	1	0	4.16	1	1.2	0.8	;
86	1	0.0200	0.0100	0	0	1	1	0	4.16	1	1.2	0.8	;
87	1	0.0400	0.0200	0	0	1	1	0	4.16	1	1.2	0.8	;
88	1	0.0400	0.0200	0	0	1	1	0	4.16	1	1.2	0.8	;
89	1	0.0000	0.0000	0	0	1	1	0	4.16	1	1.2	0.8	;
90	1	0.0400	0.0200	0	0	1	1	0	4.16	1	1.2	0.8	;
91	1	0.0000	0.0000	0	0	1	1	0	4.16	1	1.2	0.8	;
92	1	0.0400	0.0200	0	0	1	1	0	4.16	1	1.2	0.8	;
93	1	0.0000	0.0000	0	0	1	1	0	4.16	1	1.2	0.8	;
94	1	0.0400	0.0200	0	0	1	1	0	4.16	1	1.2	0.8	;
95	1	0.0200	0.0100	0	0	1	1	0	4.16	1	1.2	0.8	;
96	1	0.0200	0.0100	0	0	1	1	0	4.16	1	1.2	0.8	;
97	1	0.0000	0.0000	0	0	1	1	0	4.16	1	1.2	0.8	;
98	1	0.0400	0.0200	0	0	1	1	0	4.16	1	1.2	0.8	;
99	1	0.0400	0.0200	0	0	1	1	0	4.16	1	1.2	0.8	;
100	1	0.0400	0.0200	0	0	1	1	0	4.16	1	1.2	0.8	;
101	1	0.0000	0.0000	0	0	1	1	0	4.16	1	1.2	0.8	;
102	1	0.0200	0.0100	0	0	1	1	0	4.16	1	1.2	0.8	;
103	1	0.0400	0.0200	0	0	1	1	0	4.16	1	1.2	0.8	;
104	1	0.0400	0.0200	0	0	1	1	0	4.16	1	1.2	0.8	;
105	1	0.0000	0.0000	0	0	1	1	0	4.16	1	1.2	0.8	;
106	1	0.0400	0.0200	0	0	1	1	0	4.16	1	1.2	0.8	;
107	1	0.0400	0.0200	0	0	1	1	0	4.16	1	1.2	0.8	;
108	1	0.0000	0.0000	0	0	1	1	0	4.16	1	1.2	0.8	;
109	1	0.0400	0.0200	0	0	1	1	0	4.16	1	1.2	0.8	;
110	1	0.0000	0.0000	0	0	1	1	0	4.16	1	1.2	0.8	;
111	1	0.0200	0.0100	0	0	1	1	0	4.16	1	1.2	0.8	;
112	1	0.0200	0.0100	0	0	1	1	0	4.16	1	1.2	0.8	;
113	1	0.0400	0.0200	0	0	1	1	0	4.16	1	1.2	0.8	;
%114	3	0.0000	0.0000	0	0	1	1.0436	0	4.16	1	1.0436	1.0436	;
114	3	0.0000	0.0000	0	0	1	1	0	4.16	1	1	1	;
];

%% capacitor data
% bus total cap (sum over three phases) [MVAr]
mpc.caps = [
83  0.600
88  0.050
90  0.050
92  0.050
];

%% voltage regulator data
% bus ratio
mpc.regs = [
9   1
26  1
67  1
% 9   0.99 % RG2
% 26  1 % RG3
% 67  1.05 % RG4
];

%% generator data
%	bus	Pg	Qg	Qmax	Qmin	Vg	mBase	status	Pmax	Pmin	Pc1	Pc2	Qc1min	Qc1max	Qc2min	Qc2max	ramp_agc	ramp_10	ramp_30	ramp_q	apf
